17 62 94 68
35 28 32 33
25 13 52 35
75 51 66 34
65 16 66 31
11 39 23 37
21 64 95 12
12 10 24 52
81 93 45 26
90 13 80 71
89 86 99 18
84 87 80 59
93 28 12 43
44 97 32 73
64 34 30 77
53 62 73 49
10 95 33 65
29 40 55 60
77 50 37 10
34 42 73 85
54 26 48 94
21 41 28 72
48 11 60 52
92 23 67 19
39 16 32 39
63 58 46 96
15 63 68 22
55 51 78 91
61 16 44 48
38 47 65 49
58 63 36 37
14 38 62 15
20 40 80 11
97 44 14 76
88 19 31 69
53 72 17 18
88 89 58 98
59 68 78 44
25 19 95 24
40 15 34 27
66 28 15 76
46 57 22 18
76 42 47 39
75 92 14 70
53 79 17 70
46 14 65 42
31 30 20 74
18 84 92 71
26 96 59 83
54 88 69 77
28 80 50 48
27 82 78 20
49 24 46 91
41 52 44 90
82 47 25 43
56 22 31 43
94 21 67 60
98 22 41 45
72 30 22 24
32 17 46 21
85 45 35 16
35 69 71 32
24 81 40 75
13 18 88 86
57 82 51 43
11 10 59 15
81 36 55 12
83 20 57 21
56 23 84 78
41 71 95 25
91 91 79 27
76 85 36 87
20 79 99 53
67 85 42 83
97 66 56 45
38 74 19 99
60 56 90 50
37 94 62 82
87 61 93 37
17 72 99 97
64 79 45 58
33 87 63 54
73 13 57 67
64 42 41 92
40 98 96 26
23 19 33 61
11 36 38 30
13 75 25 89
69 70 86 77
35 27 34 29
29 16 86 74
93 29 30 27
81 12 90 38
50 29 47 36
31 89 84 33
61 26 96 68
51 43 83 70
14 23 98 49
39 74 55 54