1006 1005 1006 1004
1005 1003 1004 1003
1004 1009 1006 1002
1005 1001 1008 8331
1008 1002 1002 7762
1006 1008 1006 1001
1002 1004 1002 1000
1000 1003 6543 1005
1001 1006 1002 1004
1001 1005 1009 1002
9456 1008 1000 1009
1001 1001 1005 1004
1000 7870 1001 1004
1008 1000 1009 5296
1004 5554 1006 1002
1000 1002 1001 1003
1005 1007 1005 1003
1004 1007 1001 1003
9359 1008 1000 1007
1007 1009 1004 1003
1003 1004 1002 1005
9155 1001 1002 1005
1002 1003 1003 5879
1008 1007 1001 1003
1000 1004 1001 1005
1006 1003 1004 1007
1001 1009 1007 1002
1005 1009 1008 4826
1001 1003 1000 1006
1004 1005 1009 1008
1002 1007 1001 1005
1007 1005 1006 1009
1008 1002 1004 1009
1002 4801 1008 1009
1000 1007 7808 1001
8653 1004 1002 1000
1003 8307 1001 1002
1000 1008 1004 1001
1000 1007 1007 1008
1009 1003 1005 1009
1004 1007 1004 1009
1009 3231 1009 1005
1009 1000 1000 1002
1005 1002 1009 1007
1005 1002 1000 1008
1000 1009 1002 1004
1002 1006 1004 8045
1003 1000 1004 1008
2256 1009 1005 6421
1002 1003 1005 9569