8482
5755
9455
6379
6598
6696
6194
4624
7576
5942
7761
2029
3325
6198
6519
7478
1361
7696
5173
4610
6800
8034
7147
8525
6671
7206
6332
2959
5243
8123
5302
1776
6727
1835
2403
5193
5231
7023
8590
4776
3512
8228
6834
1133
5762
9819
5241
6873
2159
9411
3462
3981
5382
4840
4118
6961
3948
7915
2911
8819
1222
2583
6513
9530
8322
4598
5185
1939
7625
3088
6196
5334
5067
8324
6876
7866
8782
2002
2716
9371
9820
6332
9193
5366
1825
2728
5197
4509
1412
4588
7338
2943
2707
6741
6476
1964
5543
3988
5784
5822
4101
6091
8449
9159
7531
3194
6046
8741
9158
3407
2833
9131
7777
4993
5492
7769
3348
3694
4124
1136
9811
2486
4182
8419
2738
1233
7932
1654
7914
5321
7074
5693
1439
3626
2557
8515
2100
3411
6365
4597
9001
7020
3539
5840
8350
7651
6395
9945
6452
3105
1684
4977
2232
2588
8383
6518
8453
2306
8278
5541
8319
5901
5060
8859
1249
3105
5265
6124
5414
9073
5540
9640
8158
2922
2800
3964
7728
2229
5143
2660
9591
5938
4396
8327
2602
5679
1795
3846
4339
9027
5755
8436
1597
3343
8209
4628
1705
5830
4031
5719