27651532
27977028
27075477
27191267
27649758
27105988
27488638
27843864
27009529
27696807
27802882
27373639
27218435
27660160
27267585
27536621
27214614
27185698
27401268
27410868
27973601
27378348
27675916
27889898
27869498
27098783
27396334
27369782
27830338
27534315
27112447
27058843
27515586
27521035
27941885
27014787
27937954
27003492
27476885
27578561
27942001
27026184
27267079
27005395
27623968
27227524
27338836
27062527
27466906
27390311
27124204
27509058
27345846
27038716
27883100
27104992
27235839
27147434
27478012
27897220
27641165
27989647
27593412
27590487
27754411
27038854
27842806
27414946
27275155
27537522
27680741
27386577
27698728
27802713
27770133
27702940
27455705
27117939
27100413
27783126
27188265
27914935
27668960
27697616
27187486
27120983
27493233
27199863
27817652
27850524
27977946
27073442
27028729
27295996
27017841
27075322
27457024
27058024
27958640
27630775
27180070
27807507
27752161
27709540
27227643
27647697
27141394
27877832
27905825
27239864
27340841
27873387
27813036
27678848
27448922
27960740
27950484
27322735
27393718
27920205
27715875
27702439
27354780
27093698
27435634
27897209
27143931
27679997
27888320
27033480
27264675
27817155
27491872
27983116
27688091
27962194
27501712
27015538
27522672
27731348
27381278
27691121
27076858
27875003
27590030
27264424
27368344
27279266
27508815
27623501
27371470
27553106
27829146
27089693
27663758
27839578
27173374
27873083
27827681
27717657
27586190
27020262
27181345
27783842
27531542
27582805
27132626
27781100
27519934
27692432
27798215
27550323
27345730
27016333
27028251
27033210
27295125
27494161
27331719
27488680
27012205
27374887
27868822
27514636
27848229
27837496
27612741
27368583
27427409
27784150
27440877
27717214
27470938
27206690
27036837
27213821
27030365
27177048
27357139
27025549
27815671
27818488
27833554
27203401
27131647
27923377
27918146
27737093
27507088
27338895
27948859
27546049
27956309
27693660
27528608
27918919
27390085
27264244
27485132
27668897
27163424
27562855
27518988
27101643
27689435
27013557
27696181
27899821
27000527
27092343
27088430
27641019
27976016
27641680
27240565
27326892
27235278
27113791
27208014
27659216
27570140
27424718
27166201
27753570
27471167
27432461
27177029
27879594
27763665
27123266
27854346
27981261
27180928
27221214
27699980
27569462
27481183
27362853
27674254
27851632
27880065
27517804
27147456
27824390
27690795
27127443
27527153
27574929
27033424
27091293
27016039
27185790
27140269
27226261
27001728
27031419
27915586
27593446
27621506
27130267
27618143
27345805
27507898
27502683
27114302
27565065
27817177
27054728
27437419
27013513
27221598
27238564
27104879
27742933
27627160
27681410
27839896
27262692
27429867
27876445
27832409
27221215
27062557
27126279
27573589
27318303
27398111
27959085
27710577
27669938
27711644
27814757
27516327
27738299
27538618
27894068
27158340
27155897
27642279
27133396
27640704
27690434
27795403
27824111
27483890
27316990
27071646
27150014
27751215
27394950
27956418
27332552
27782139
27117437
27962225
27383640
27280137
27353566
27172042
27727976
27231886
27332565
27654171
27866010
27345476
27047287
27160577
27407378
27702600
27517549
27158132
27606133
27730558
27482693
27650117
27378624
27562872
27050927
27960763
27815948
27490705
27728277
27435847
27480162
27989841
27007052
27163000
27864794
27181508
27747746
27764307
27288626
27242142
27357340
27502694
27233233
27986237
27756060
27036566
27511515
27425008
27962261
27784617
27402164
27940856
27834846
27865045
27878626
27648313
27592267
27110702
27547041
27778149
27267753
27853284
27947071
27385994
27402350
27562765
27526704
27992983
27985733
27141756
27931826
27509633
27514771
27427969
27196786
27596451
27462588
27417898
27787723
27597207
27578152
27080993
27265113
27995864
27575003
27447393
27297265
27737896
27333523
27721789
27415454
27443024
27872948
27689957
27949037
27211397
27287931
27994870
27650336
27844725
27617746
27820372
27142109
27344786
27676217
27097010
27747479
27701011
27399144
27318296
27470708
27613850
27209701
27857039
27504675
27440106
27464293
27796257
27527663
27130606
27871636
27251757
27731050
27963327
27531144
27660967
27386012
27436652
27971306
27512098
27640758
27231006
27311715
27374467
27106303
27148960
27361882
27160724
27130303
27048261
27116526
27576487
27291378
27372944
27497367
27752576
27157963
27566775
27174059
27223925
27137863
27437287
27780188
27658705
27169932
27098406
27681362
27148963
27202736
27489887
27155866
27918634
27729947
27811411
27199454
27334876
27715950